x: [8.33e-01 1.18e-09 5.00e-01]
acc: 1.9195868373793052, psd: 0.561423697323387, time: 0.9296
pot_b: 0.07796110778958101, masa_b: 0.06237439350970843, vol_b: 69.10000000117999
pot_ss: 0.5630726452326891, masa_ss: 0.23451387231629287, vol_ss: 47.18037505704778
pot_act: 0.00026494216339693796, masa_act: 0.023411716538818714, vol_act: 2.1110243823052857
Pesos: [1, 1, 1, 1, 1, 0, 1, 1, 0, 1, 1, 0]
funcion de costo: 4.06737786431713
------------------------
x: [1.67e-01 1.00e-10 1.19e+00]
acc: 0.5118066097649875, psd: 0.04283086127535622, time: 0.001
pot_b: 0.254906767169998, masa_b: 0.08183015176662087, vol_b: 69.1000000001
pot_ss: 1.6262509652987438, masa_ss: 0.980193595161252, vol_ss: 67.18965869188021
pot_act: 0.002850834071421149, masa_act: 0.05523882661015088, vol_act: 9.711105982848485
Pesos: [1, 1, 1, 1, 1, 0, 1, 1, 0, 1, 1, 0]
funcion de costo: 3.942150780836743
------------------------
x: [5.0e-02 1.2e-11 1.5e+01]
acc: 0.17970757989778893, psd: 0.0047046814740697935, time: 0.0008
pot_b: 0.7053007846637905, masa_b: 0.10332452550988107, vol_b: 69.10000000001199
pot_ss: 3.604623136995867, masa_ss: 2.86711899264295, vol_ss: 87.60452406034295
pot_act: 2.9543593302087756, masa_act: 0.6788648137807276, vol_act: 839.8982139664962
Pesos: [1, 1, 1, 1, 1, 0, 1, 1, 0, 1, 1, 0]
funcion de costo: 30.943195733812956
------------------------
