x: [0.1]
acc: [2.10897709], psd: 0.5933982962633908, time: 69.57010852370435
pot_b: 0.08440756368650316, masa_b: 0.0635204193621277, vol_b: 69.100000001
pot_ss: 0.6437702143605327, masa_ss: 0.28093452480130726, vol_ss: 49.33444030789617
pot_act: [7.81696286], masa_act: [2.18210234], vol_act: [1499.15942232]
Pesos: [1, 1, 1, 0, 0, 0, 0, 0, 0, 1, 1, 0]
------------------------
x: [0.10000001]
acc: [2.10896943], psd: 0.5934018225594236, time: 69.57010852370435
pot_b: 0.08440756368650316, masa_b: 0.0635204193621277, vol_b: 69.100000001
pot_ss: 0.6437702143605327, masa_ss: 0.28093452480130726, vol_ss: 49.33444030789617
pot_act: [7.81696314], masa_act: [2.18210244], vol_act: [1499.15948079]
Pesos: [1, 1, 1, 0, 0, 0, 0, 0, 0, 1, 1, 0]
------------------------
x: [0.25]
acc: [1.96818618], psd: 0.5838164554135831, time: 46.17358552246078
pot_b: 0.08440756368650316, masa_b: 0.0635204193621277, vol_b: 69.100000001
pot_ss: 0.6437702143605327, masa_ss: 0.28093452480130726, vol_ss: 49.33444030789617
pot_act: [10.77251362], masa_act: [3.2957034], vol_act: [2143.1097991]
Pesos: [1, 1, 1, 0, 0, 0, 0, 0, 0, 1, 1, 0]
------------------------
x: [0.24999999]
acc: [1.96820755], psd: 0.5838209038270454, time: 46.17358552246078
pot_b: 0.08440756368650316, masa_b: 0.0635204193621277, vol_b: 69.100000001
pot_ss: 0.6437702143605327, masa_ss: 0.28093452480130726, vol_ss: 49.33444030789617
pot_act: [10.77251347], masa_act: [3.29570334], vol_act: [2143.10976567]
Pesos: [1, 1, 1, 0, 0, 0, 0, 0, 0, 1, 1, 0]
------------------------
