x: [6.8e-01 1.0e-09 1.0e-01]
acc: [2.10897709], psd: 0.5933982962633908, time: 69.57010852370435
pot_b: 0.08440756368650316, masa_b: 0.0635204193621277, vol_b: 69.100000001
pot_ss: 0.6437702143605327, masa_ss: 0.28093452480130726, vol_ss: 49.33444030789617
pot_act: 7.816962862641855, masa_act: 2.1821023437864895, vol_act: 1499.1594223191348
Pesos: [1, 1, 1, 1, 1, 0, 1, 1, 0, 1, 1, 0]
funcion de costo: [4910.81878719]
------------------------
x: [6.80000015e-01 1.00000000e-09 1.00000000e-01]
acc: [2.10897711], psd: 0.5933983105502432, time: 69.57010852370435
pot_b: 0.08440756368650316, masa_b: 0.0635204193621277, vol_b: 69.100000001
pot_ss: 0.6437702050501911, masa_ss: 0.28093451932250135, vol_ss: 49.334440070067785
pot_act: 7.816962862641855, masa_act: 2.1821023437864895, vol_act: 1499.1594223191348
Pesos: [1, 1, 1, 1, 1, 0, 1, 1, 0, 1, 1, 0]
funcion de costo: [4910.81878727]
------------------------
x: [6.8e-01 3.0e-09 1.0e-01]
acc: [2.10856834], psd: 0.593426169806468, time: 69.57010852370435
pot_b: 0.04981534734465176, masa_b: 0.05628984057210037, vol_b: 69.10000000299999
pot_ss: 0.6437702143605327, masa_ss: 0.28093452480130726, vol_ss: 49.33444030789617
pot_act: 7.816962862641855, masa_act: 2.1821023437864895, vol_act: 1499.1594223191348
Pesos: [1, 1, 1, 1, 1, 0, 1, 1, 0, 1, 1, 0]
funcion de costo: [4910.81155391]
------------------------
x: [6.80000000e-01 1.00000000e-09 1.00000015e-01]
acc: [2.10896869], psd: 0.5933952417935277, time: 69.57010852370435
pot_b: 0.08440756368650316, masa_b: 0.0635204193621277, vol_b: 69.100000001
pot_ss: 0.6437702143605327, masa_ss: 0.28093452480130726, vol_ss: 49.33444030789617
pot_act: 7.816963270328219, masa_act: 2.1821024901078476, vol_act: 1499.159509442074
Pesos: [1, 1, 1, 1, 1, 0, 1, 1, 0, 1, 1, 0]
funcion de costo: [4910.81875878]
------------------------
