x: [5.0e-01 1.5e-09]
acc: [1.87497652], psd: 0.467029734648799, time: 68.38128398911503
pot_b: 0.06947964019599853, masa_b: 0.06074958537374324, vol_b: 69.10000000149999
pot_ss: 0.7886121569073068, masa_ss: 0.36936060633809714, vol_ss: 52.78709168101286
pot_act: 7.816962862641855, masa_act: 2.1821023437864895, vol_act: 1499.1594223191348
Pesos: [1, 1, 1, 0, 0, 0, 0, 0, 0, 0, 0, 0]
------------------------
x: [5.0000001e-01 1.5000000e-09]
acc: [1.87497653], psd: 0.4670297427430344, time: 68.38128398911503
pot_b: 0.06947964019599853, masa_b: 0.06074958537374324, vol_b: 69.10000000149999
pot_ss: 0.7886121464978906, masa_ss: 0.3693605997636453, vol_ss: 52.78709144875556
pot_act: 7.816962862641855, masa_act: 2.1821023437864895, vol_act: 1499.1594223191348
Pesos: [1, 1, 1, 0, 0, 0, 0, 0, 0, 0, 0, 0]
------------------------
x: [5.e-01 3.e-09]
acc: [1.87446909], psd: 0.4670917727821407, time: 68.38128398911503
pot_b: 0.04981534734465176, masa_b: 0.05628984057210037, vol_b: 69.10000000299999
pot_ss: 0.7886121569073068, masa_ss: 0.36936060633809714, vol_ss: 52.78709168101286
pot_act: 7.816962862641855, masa_act: 2.1821023437864895, vol_act: 1499.1594223191348
Pesos: [1, 1, 1, 0, 0, 0, 0, 0, 0, 0, 0, 0]
------------------------
