x: [0.1]
acc: [2.15941263], psd: 0.6680913313350179, time: 68.38128398911503
pot_b: 0.08440756368650316, masa_b: 0.0635204193621277, vol_b: 69.100000001
pot_ss: 0.6437702143605327, masa_ss: 0.28093452480130726, vol_ss: 49.33444030789617
pot_act: [7.81696286], masa_act: [2.18210234], vol_act: [1499.15942232]
Pesos: [1, 1, 1, 0, 0, 0, 0, 0, 0, 0, 0, 0]
------------------------
x: [0.10000001]
acc: [2.15942951], psd: 0.6680985638232135, time: 68.38128398911503
pot_b: 0.08440756368650316, masa_b: 0.0635204193621277, vol_b: 69.100000001
pot_ss: 0.6437702143605327, masa_ss: 0.28093452480130726, vol_ss: 49.33444030789617
pot_act: [7.81696314], masa_act: [2.18210244], vol_act: [1499.15948079]
Pesos: [1, 1, 1, 0, 0, 0, 0, 0, 0, 0, 0, 0]
------------------------
