x: [6.8e-01 1.0e-09 1.0e-01]
acc: [2.15941263], psd: 0.6680913313350179, time: 68.38128398911503
pot_b: 0.08440756368650316, masa_b: 0.0635204193621277, vol_b: 69.100000001
pot_ss: 0.6437702143605327, masa_ss: 0.28093452480130726, vol_ss: 49.33444030789617
pot_act: 7.816962862641855, masa_act: 2.1821023437864895, vol_act: 1499.1594223191348
Pesos: [1, 1, 1, 0, 0, 0, 0, 0, 0, 0, 0, 0]
------------------------
x: [6.8000001e-01 1.0000000e-09 1.0000000e-01]
acc: [2.15941264], psd: 0.6680913423163963, time: 68.38128398911503
pot_b: 0.08440756368650316, masa_b: 0.0635204193621277, vol_b: 69.100000001
pot_ss: 0.6437702081124682, masa_ss: 0.2809345211245428, vol_ss: 49.334440148292245
pot_act: 7.816962862641855, masa_act: 2.1821023437864895, vol_act: 1499.1594223191348
Pesos: [1, 1, 1, 0, 0, 0, 0, 0, 0, 0, 0, 0]
------------------------
x: [6.8e-01 3.0e-09 1.0e-01]
acc: [2.15907851], psd: 0.6681788291442379, time: 68.38128398911503
pot_b: 0.04981534734465176, masa_b: 0.05628984057210037, vol_b: 69.10000000299999
pot_ss: 0.6437702143605327, masa_ss: 0.28093452480130726, vol_ss: 49.33444030789617
pot_act: 7.816962862641855, masa_act: 2.1821023437864895, vol_act: 1499.1594223191348
Pesos: [1, 1, 1, 0, 0, 0, 0, 0, 0, 0, 0, 0]
------------------------
x: [6.8000000e-01 1.0000000e-09 1.0000001e-01]
acc: [2.15942951], psd: 0.6680985638232135, time: 68.38128398911503
pot_b: 0.08440756368650316, masa_b: 0.0635204193621277, vol_b: 69.100000001
pot_ss: 0.6437702143605327, masa_ss: 0.28093452480130726, vol_ss: 49.33444030789617
pot_act: 7.816963136235547, masa_act: 2.1821024419810917, vol_act: 1499.1594807863505
Pesos: [1, 1, 1, 0, 0, 0, 0, 0, 0, 0, 0, 0]
------------------------
