x: [6.8e-01 1.0e-09 1.0e+00]
acc: [3.52387765], psd: 0.9028437574419734, time: 3200.1706204513534
pot_b: 0.08440756368650316, masa_b: 0.0635204193621277, vol_b: 69.100000001
pot_ss: 0.6437702143605327, masa_ss: 0.28093452480130726, vol_ss: 49.33444030789617
pot_act: 0.627, masa_act: 0.0958, vol_act: 199.0
Pesos: [1, 1, 1, 0, 0, 0, 0, 0, 0, 0, 0, 0]
------------------------
x: [6.8000001e-01 1.0000000e-09 1.0000000e+00]
acc: [3.52387765], psd: 0.9028437693361914, time: 3200.1706204513534
pot_b: 0.08440756368650316, masa_b: 0.0635204193621277, vol_b: 69.100000001
pot_ss: 0.6437702081124682, masa_ss: 0.2809345211245428, vol_ss: 49.334440148292245
pot_act: 0.627, masa_act: 0.0958, vol_act: 199.0
Pesos: [1, 1, 1, 0, 0, 0, 0, 0, 0, 0, 0, 0]
------------------------
x: [6.8e-01 3.0e-09 1.0e+00]
acc: [3.52764094], psd: 0.9029807144635673, time: 3199.42869900237
pot_b: 0.04981534734465176, masa_b: 0.05628984057210037, vol_b: 69.10000000299999
pot_ss: 0.6437702143605327, masa_ss: 0.28093452480130726, vol_ss: 49.33444030789617
pot_act: 0.627, masa_act: 0.0958, vol_act: 199.0
Pesos: [1, 1, 1, 0, 0, 0, 0, 0, 0, 0, 0, 0]
------------------------
x: [6.80000000e-01 1.00000000e-09 1.00000001e+00]
acc: [3.52387764], psd: 0.9028437675187312, time: 3200.1706204513534
pot_b: 0.08440756368650316, masa_b: 0.0635204193621277, vol_b: 69.100000001
pot_ss: 0.6437702143605327, masa_ss: 0.28093452480130726, vol_ss: 49.33444030789617
pot_act: 0.6270000021318001, masa_act: 0.09580000065143998, vol_act: 199.0000003582
Pesos: [1, 1, 1, 0, 0, 0, 0, 0, 0, 0, 0, 0]
------------------------
