x: [1.]
acc: [3.52387765], psd: 0.9028437574419734, time: 3200.1706204513534
pot_b: 0.08440756368650316, masa_b: 0.0635204193621277, vol_b: 69.100000001
pot_ss: 0.6437702143605327, masa_ss: 0.28093452480130726, vol_ss: 49.33444030789617
pot_act: [0.627], masa_act: [0.0958], vol_act: [199.]
Pesos: [1, 1, 1, 0, 0, 0, 0, 0, 0, 0, 0, 0]
------------------------
x: [1.00000001]
acc: [3.52387764], psd: 0.9028437675187312, time: 3200.1706204513534
pot_b: 0.08440756368650316, masa_b: 0.0635204193621277, vol_b: 69.100000001
pot_ss: 0.6437702143605327, masa_ss: 0.28093452480130726, vol_ss: 49.33444030789617
pot_act: [0.627], masa_act: [0.0958], vol_act: [199.00000036]
Pesos: [1, 1, 1, 0, 0, 0, 0, 0, 0, 0, 0, 0]
------------------------
